0,379
0,378
0,377
0,376
36,5
0,375
0,374
0,373
0,372
36,4
0,371
0,370
0,369
36,3
36,2
0,368
36,1
36,0
0,367
0,366
0,365
0,364
35,4
0,363
0,362
0,361
35,3
35,2
0,360
35,1
35,0
0,359
0,358
0,357
0,356
0,355
0,354
34,4
0,353
0,352
0,351
34,3
34,2
0,350
34,1
34,0
0,349
0,348
0,347
0,346
33,4
0,345
0,344
0,343
33,3
33,2
0,342
33,1
33,0
0,341
0,340
32,3
32,2
0,339
32,1
32,0
0,338
0,337
0,336
0,335
0,334
0,333
0,332
0,331
0,330
0,329
0,328
0,327
0,278
0,326
0,325
26,49
26,48
26,47
26,46
26,45
26,44
26,43
26,42
26,41
26,40
26,39
26,38
26,37
26,36
26,35
